61.21
74.42
70.71
84.35
56.52
7.64
8.72
84.64
48.71
46.97
57.92
88.13
21.84
59.95
63.22
31.96
23.5
50.96
44.88
90.18
19.31
87.38
34.72
41.72
1.58
15.7
5.1
90.63
95.37
76.2
82.41
21.75
44.15
28.86
83.18
78.82
17.18
18.38
27.42
83.07
37.17
85.41
18.5
45.14
84.94
16.01
70.24
68.01
6.42
64.39
14.42
23.02
70.22
91.44
40.85
78.06
30.64
35.54
71.74
0
79.62
59.5
23.54
40.85
87.26
49.04
27.15
40.49
77.14
34.92
38.34
19.33
92.82
42.41
34.29
79.14
41.2
75.63
7.66
48.55
95.32
10.25
37.22
26.27
26.83
25.64
22.89
43.76
57.06
68.25
23.61
12.99
12.12
71.88
96.53
1.26
36.06
80.87
84.53
3.22
17.71
82.2
66.4
92.27
67.72
84.7
12.33
66.21
62.53
5.17
30.43
63.91
74.1
80.96
8.86
76.62
91.42
36.36
55.56
57.2
83.91
16.06
35.06
69.91
98.13
55.09
95.18
5.33
98.86
81.75
27.07
40.76
20.73
70.14
37.82
36.11
43.9
54.73
45.62
21.32
38.29
99.98
80.91
29.87
34.39
94.23
72.19
96.23
26.86
93.4
8.72
62.53
44.65
10.45
76.21
54.32
8.93
40.02
25.31
66.91
70.49
82.44
52.78
68.16
72.27
49.05
64.17
8.47
9.63
8.62
64.28
19.12
82.57
45.11
92.01
18.99
71.02
42.35
49.5
98.38
10.18
84.55
19.07
56.95
26.9
29.18
55.69
26.34
52.68
15.48
68.22
5.71
83.09
46.46
91.58
93.44
89.26
19.34
76.78
7.33
78.67
87.39
86.56
81.53
10.86
45.21
22.2
58.83
15.45
34.43
97.74
42.38
12.81
39.32
38.33
99.34
57.89
27.67
36.17
76.09
78.14
35.6
78.64
1.11
17.64
28.16
87.67
85.65
67.98
58.49
13.98
58.44
14.78
69.01
20.03
4.52
99.62
42.06
64.17
69.45
18.88
16.73
43.8
27.24
67.99
89.93
24.24
30.76
39.62
56.64
64.03
53.52
25.85
0.37
55.55
92.71
70.02
73.42
97.02
89.51
23.43
64.6
59.66
11.02
83.7
11.25
72.9
63.79
66.62
39.14
51.13
20.38
82.27
91.44
80.8
19.41
73.69
52.42
46.45
48.24
16.69
33.15
84.13
60.86
97.19
86.4
65.51
53.08
64.46
23.19
51.85
30.76
29.22
88.04
43.58
11.94
25.47
38.72
89.4
85.1
9.34
57.03
58.56
75.01
25.75
77.94
92.97
28.15
49.08
83.79
55.76
79.48
94.02
36.34
85.04
52.24
0.86
66.4
16.83
12.2
76.98
93.93
69.43
16.45
48.16
85.22
27.12
25.49
87.27
78.96
14.06
17.25
51.27
32.99
47.27
87.71
87.42
25.71
57.29
59.84
0.23
55.88
18.09
97.76
93.85
82.73
67.85
19.1
98.98
36.93
82.36
35.14
98.33
15.72
34.34
54.78
40.29
32.12
83.33
54.49
30.42
36
87.17
36.82
73.47
24.55
26.76
42.93
94.64
8.39
58.69
87.95
56.61
42.48
39.44
45.35
67.22
61.45
3.21
70.72
34.89
32.13
8.92
6.93
50.74
68.04
96.4
58.81
18.36
26.72
77.69
70.03
64.31
37.2
69.8
78.47
4.67
29.56
68.2
45.36
36.3
86.92
58.64
37.35
65.15
67.04
72.51
11.09
1.42
71.41
87.64
15.05
91.75
89.85
89.83
24.09
25.24
73.37
36.25
30.39
34.94
83.58
63.99
90.65
72.63
6.72
20.8
21.64
47.19
81.57
50.9
33.7
92.49
77.53
84.37
3.98
45.29
89.02
88.87
80.71
80.76
53.81
72.66
48.79
58.49
52.41
75.7
25.91
87.74
29.78
14.05
78.02
41.34
26.02
17.94
28.35
1.35
81.33
73.56
63.87
32.89
74.23
0.27
74.17
13.88
60.54
83.65
84.18
2.75
71.08
31.36
26.13
68.56
27.41
4
29.49
31.69
89.9
86.51
65.83
52.98
32.8
59.96
55.29
24.14
60.91
36.13
39.42
81.83
43.55
96.63
78.62
8.28
44.65
98.68
15.15
94.04
94.94
53.35
17.61
33.09
91.23
98.42
30.8
79.3
61.41
4.97
87.77
21.45
16.73
67.68
88.81
85.57
66.86
6.35
28.29
54.29
63.5
46.34
13.39
44.24
86.55
56.02
88.51
28.69
99.93
47.15
49.15
82.07
52.96
25.36
84.56
60.82
63.4
8.19
91.71
5.07
68.2
6.31
30.89
39.73
85.64
92.03
3.29
58.37
96.49
63.63
37.4
83.72
15.24
74.27
19.24
42.91
62.85
97.07
7.9
26.11
67.81
88.49
48.28
37.73
52.09
6.27
34.39
46.22
95.62
83.26
70.49
9.2
76.25
68.57
98.58
74.15
88.42
89.38
55.83
38.99
97.91
78.12
15.81
23.96
74.04
47.62
77.63
86.78
8.64
34.66
91.08
45.57
10.19
16.61
91.75
34.87
67.33
41.85
67.53
11.19
58.15
63.24
19.29
30.77
78.3
1.43
22.48
9.22
68.05
19.87
18.32
83.42
94.64
9.1
52.3
2.82
48.74
55.64
75.87
33.67
52.92
34.43
25.67
73.47
3.69
33.13
28.53
32.84
59.05
64.02
88.99
88.22
86.96
36.18
49.13
22.97
35.22
15.12
74.94
40.44
86.42
21.54
24
65.93
80.14
7.06
5.29
85.58
89.97
83.24
33.65
40.96
26.04
48.75
31.77
79.51
72.22
78.16
69.17
28.06
75.95
67.3
61.15
21.44
26.86
60.22
87.35
9.23
11.81
49.83
59.9
50.46
94.55
84.68
54.16
7.25
7.38
11.22
9.72
7.53
25.62
77.25
14.77
18.27
41.79
49.93
58.89
94.38
51.33
28.11
37.59
75.08
34.88
38.54
40.07
59.62
79.98
71.15
43.31
50.5
68.44
52.96
30.8
49.98
39.81
82.03
85.65
53.58
71.14
63.46
86.44
43.79
8.7
22.07
32.56
28.09
16.09
7.86
32.53
10.81
68.58
26.75
10.51
95.66
0.37
73
6.86
91.29
68.66
19
46.47
78.94
45.05
75.17
34.36
81.24
18.88
57.1
91.53
45.29
14.6
5.08
78.31
97.58
58.44
58.41
38.82
50.92
40.63
60.81
55.96
15.84
57.38
87.84
59.16
59.43
42.17
19.89
35.57
22.18
92.74
12.14
69.34
82.94
89.69
69.39
59.3
61.85
80.52
64.34
31.83
20.12
49.55
90.93
40.48
51.09
20.81
31.2
95.71
5.85
39.76
33.55
0.36
22.57
0.73
69.4
15.65
68.59
54.35
64.29
88.8
73.09
6.3
84.49
38.04
34.04
84.5
58.42
58.59
4.58
90.13
91.91
64.02
90.63
16.76
17.57
67.16
84.12
74.11
91.32
47.18
91.81
38.25
95.45
67.01
73.57
90.59
63.81
22.72
9.04
88.66
73.69
79.81
39.08
72.64
32.19
94.76
30.52
78.65
61.95
62.2
91.72
19.65
5.92
69.29
37.23
83.26
5.05
78.54
37.66
66.94
37.97
23.44
95.49
37.12
89.52
48.44
45.85
50.43
98.46
38.33
60.23
47.65
0.6
91.24
27.07
32.8
84.62
11.69
86.86
29.83
10.91
42.13
85.99
54.36
42.92
6.71
51.82
13.21
20.35
50.62
13.71
48.08
77.92
12.35
3.22
88.65
33.33
75.25
6
25.58
59.07
32.21
35.92
54.51
23.25
87.75
67.07
30.37
57.03
78.65
68.87
18.32
80.7
80.01
85.57
54.78
68.48
87.71
94.13
87.29
56.63
27.15
67.65
98.43
55.31
1.47
61.34
7.72
89
2.37
63.13
92.1
25.28
56.82
75.68
88.03
12.57
47.31
86.05
14.91
83.58
35.67
40.4
47.07
17.62
53.79
93.82
5.03
90.99
40.6
65.55
93.53
14.75
8.32
22.13
25.15
19.31
70.06
60.09
59.04
68.7
42.9
6.01
70.42
3.43
70.7
36.3
62.39
70.12
99.39
83.42
75.88
27.14
1.8
53.74
31.66
60.83
59.53
56.8
99.18
34.03
49.55
6.95
96.1
92.22
98.87
87.08
39.7
93.64
28.29
94.08
19.2
90.59
1.84
8.92
2.96
42.24
74.54
54.5
6.27
29.65
3.39
5.53
11.9
23
97.93
49.27
18.1
37.09
38.56
35.25
41.1
29.07
16.22
94.67
60.63
78.31
46.33
31
11.38
13.14
23.38
92.38
90.75
90.38
98.33
92.8
28.82
99.92
75.7
62.77
83.29
68.02
54.81
43.15
31.03
74.68
77
32.18
42.72
14.44
71.79
81.53
34.48
17.87
69.48
47.9
79.97
3.05
65.44
87.38
14.08
82.04
66.54
49.4
7.63
30.11
0.61
63.95
28.12
25.64
56.58
67.64
6.84
88.86
25.77
80.46
23.15
0.59
