59.81
69.75
86.8
68.68
29.4
67.65
37.73
54.26
59.67
82.66
42.85
89.12
21.3
5.68
68.05
96.77
45.15
79.91
20.07
96.39
17.91
17.46
48.99
41.11
29.46
10.78
78.84
18.87
89.86
84.79
67.84
39.77
99.5
80.45
73.67
70
45.89
97.81
65.99
61.78
37.85
19.81
93.92
80.49
30.49
51.19
16.59
12.2
16.89
40.07
95.06
26.15
73.63
68.87
5.28
42.22
99.93
87.32
55.1
52.77
29.88
96.28
99.76
75.83
81.4
86.77
13.12
97.06
58.09
84.36
35.91
96.81
36.42
25.73
20.92
82.16
31.36
13.32
5.71
41.7
1.15
29.03
36.49
73.29
73.37
71.7
90.43
54.75
9.15
78.81
5.14
84.87
89.48
20.45
79.14
31.29
58.11
17.01
88.62
19.87
36.56
5.68
59.87
48.04
10.91
34.57
28.57
24.6
1.06
81.7
32.81
38.93
24.88
56.72
0.72
37.78
94.23
39.56
44.04
8.94
3.77
52.4
13.96
27.9
76.85
31.71
98.54
89.75
72.61
47.46
59.6
29.18
68.65
89.84
31.92
61.19
51.16
70.24
16.6
28.59
4.13
61.31
89.61
96.84
10.76
51.46
81.11
81.54
79.9
48.94
86.14
6.12
69.95
24.04
1.84
29.2
88.33
29.53
99.78
22.2
31.96
72.56
39.06
97.8
93.23
10.04
43.04
62.64
75.26
79.75
79.71
42.93
48.44
28.08
53.06
13.46
73.84
72.56
93.43
43.52
61.66
4.43
59.61
68.82
4.89
47.3
62.23
5.25
53.48
39.03
32.42
78.86
25.28
37.74
15.73
82.78
78.8
40.98
81.64
7.58
64.98
86.77
6.36
68.78
73.03
9.59
5.63
6.9
87.23
36.98
7.2
50.95
10
53.13
68.56
14.7
38.9
14.52
25.74
54.56
6.59
19.96
23.11
53.1
87.91
63.59
76.49
52.18
21.95
45.91
67.62
7.57
20.14
15.59
43.98
65.68
83.69
57.3
80.44
46.44
83.97
20.35
26.36
38.99
26.08
82.16
29.34
98.97
17.92
87.4
76.04
2.41
32.71
69.49
98.58
95.05
98.73
0.41
84.29
3.85
56.13
54.86
40.72
35.32
27.2
79.42
81.6
29.56
92.71
88.6
94.93
30.49
84.04
5.58
98.37
64.28
18.23
94.85
88.06
27.21
97.97
32.76
83.88
15.1
92.67
61.34
96.79
79.19
72.59
86.31
95.18
93.71
40.68
85.52
8.05
28.27
7.54
83.65
20.91
46.62
21.75
1.59
28.7
62.67
55.41
29.81
32.64
41.41
32.43
69.08
61.16
96.86
10.18
90.7
99.39
87.27
4.56
43.84
31.53
88.9
60.72
57.69
11.57
57.36
88.54
11.6
83.06
59.46
61.27
84.86
29.01
17.15
68.51
81.12
5.1
74.61
64.68
52.45
3.67
43.02
36.19
79.11
48.92
23.26
90.41
24.25
51.08
0.29
81.08
50.93
21.21
75.62
22.01
46.83
12.45
28.71
54.6
71.9
83.31
1.8
86.34
3.56
98.29
35.06
45.86
30.68
20.1
35.78
5.35
81.7
7.16
69.43
61.43
62.75
74.25
78.78
35.33
36.52
6.87
57.29
11.13
86.9
52.63
89.06
49.12
27.91
85.39
97.45
75.55
10.66
28.88
67.46
72.17
57.09
54.4
95.11
15.02
25.2
54.12
31.32
36.25
63.29
76.88
13.39
39.85
16.7
30.27
12.35
48.4
25.47
37.25
60.17
1.55
16.49
23.69
60.76
12.59
50.22
6.67
30.73
41.72
62.26
70.25
38.72
42.39
52.88
96.23
83.67
48.62
54.45
85.27
81.73
85.21
58.57
26.48
99.52
59.17
89.24
35.96
71.41
27.05
28.1
57.28
19.78
49.06
44.17
98.85
1.77
25.57
52.37
20.77
68.64
89.2
77.11
97.02
19.61
82.28
75.77
23.99
78
21.57
5.19
19.19
77.91
39.57
50.44
15.36
17.57
53
31.16
35.05
59.73
49.07
21.07
13.39
97.39
64.34
62.19
32.96
10.89
17.07
63.18
86.73
34
75.74
96.1
72.44
98.79
60.24
80.7
35.77
66.93
57.88
51.77
32.59
72.55
31.72
96.93
25.87
46.19
71.53
62.48
15.4
89.52
69.24
74.99
25.52
28.16
10.81
52.9
80.69
89.33
0.88
91.15
45.66
65.39
95.38
50.94
12.63
50.44
49.23
52.08
65.33
6.13
67.67
37.37
12.63
88.23
91.98
4.44
69.53
42.07
33.86
82.76
26.66
32.77
97.6
55.11
37.33
56.69
57.47
77.3
67.19
44.79
41.33
80.17
0.48
32.94
24.6
22.27
70.63
58.55
75.1
77.55
20.06
5.66
93.36
60.92
24.86
95.38
26.13
32.57
30.96
10.96
22.9
25.32
51.6
9.15
6.75
52.93
63.67
32.76
51.63
86.31
32.05
97.68
19.22
23.04
72.26
89.87
61.42
56.37
68.31
57.58
11.08
32.97
3.51
99.24
4.41
52.05
8.75
66.12
1.02
71.53
0.64
62.2
45.07
69.03
55.65
98.11
76.38
63.38
98.01
74.43
41.22
64.38
4.1
87.9
48.52
29.02
71.21
26.72
66.52
84.49
69.73
92.04
38.69
44.09
91.47
41.22
69.83
25.88
34.17
22.52
8.11
42.08
8.26
65.43
24.08
56.81
39.77
14.67
0.62
93.82
74.8
58.1
49.57
19.24
98.23
52.78
37.38
31.95
97.09
20
67.32
5.15
66.3
23.65
24.69
41.88
99.7
89.98
55.76
7.16
85.03
21.25
80.66
68.11
39.02
64.14
7.2
50.34
57.91
15.66
29.18
86.14
51.17
74.05
7.03
11.93
17.88
9.42
17.24
95.45
41
22.78
99.25
93.09
32.89
34.31
49.35
94.65
73.51
35.48
51.46
51.2
22.16
79.07
59.94
31.92
39.8
19.73
61.03
35.41
91.35
50.63
72.66
40.45
45.62
64.99
58.03
37.61
88.4
80.4
67.4
30.34
87.88
4.35
63.12
36.97
47.33
65.01
83.18
69.01
60.44
72.44
73.72
40
86.77
40.36
71.43
50.11
13.15
78.68
93.09
2.18
24.88
35.69
85.23
73.24
99.46
1.87
32.64
31.84
50.53
0.99
46.91
14.93
11.81
34.8
57.8
11.82
48.7
6.34
68.81
10.98
91.11
80.42
30.56
80.77
96.74
46.02
17.71
34.18
38.34
19.02
1.28
92.13
77.02
73.18
57.54
6.58
52.23
59.31
97.76
21.19
33.01
1.46
56.99
67.86
17.55
96.83
58.15
98.67
21.62
86.21
96.29
36.4
15.66
52.45
24.89
80.96
0.17
1.36
80.07
37.32
7.13
64.85
60.91
56.32
57.8
94.31
25.15
58.83
72.05
17.62
77.52
1.14
15.54
38.83
32.08
92.37
23.65
31.27
18.99
26.43
57.76
91.73
77.76
6.29
16.44
43.04
20.96
61
33.05
58.11
0.02
7.17
80.53
72.58
13.51
27.13
49.65
27.68
19.94
60.59
71.67
72.29
69.04
83.55
90.27
93.23
79.73
13.37
85.34
15.49
23.6
10.53
11.24
72.2
60.76
65.33
14.02
8.74
65.05
44.38
8.31
57.28
32.26
24.23
